(2.0, 2.0, 2.0, 0, 0, 1, 0),stop: 7.999990675397028,move: 9.999991859842021
(2.0, 2.0, 2.0, 0, 0, 0, 0),stop: 7.999989066031282,move: 9.999991246243383
(1.0, 2.0, 2.0, 1, 0, 1, 0),stop: 6.717994083120191,move: 4.351041767565718
(1.0, 2.0, 2.0, 1, 0, 0, 1),stop: 7.520710016218878,move: 7.9028423882688354
(1.0, 2.0, 2.0, 1, 0, 0, 2),stop: 1.8790660264276617,move: 8.302834758252894
(1.0, 2.0, 2.0, 1, 1, 1, 2),stop: 6.693643769641888,move: 9.281218466857311
(1.0, 2.0, 2.0, 1, 1, 0, 2),stop: 6.679999413715515,move: 9.705301966029172
(2.0, 2.0, 2.0, 0, 1, 1, 2),stop: 5.2231284908994144,move: 5.085175783602828
(1.0, 2.0, 2.0, 1, 0, 0, 0),stop: 5.2304556590628914,move: 7.461957152255049
(1.0, 2.0, 2.0, 1, 1, 1, 0),stop: 5.228396687851236,move: 8.377097042726193
(1.0, 2.0, 2.0, 1, 1, 0, 0),stop: 5.268981914964805,move: 8.27671899426688
(2.0, 2.0, 2.0, 0, 1, 1, 0),stop: 5.902847981366159,move: 1.9999999754470963
(2.0, 2.0, 2.0, 0, 1, 0, 0),stop: 2.8435131865383787,move: 5.903999997470841
(1.0, 2.0, 2.0, 1, 1, 1, 1),stop: 6.750670700695853,move: 9.678121177921788
(1.0, 2.0, 2.0, 1, 1, 0, 1),stop: 6.763927022026909,move: 9.743697883339738
(0.0, 2.0, 2.0, 1, 1, 0, 1),stop: 6.683841024898195,move: 9.704030758915437
(0.0, 2.0, 2.0, 1, 1, 1, 1),stop: 5.667834481214837,move: 9.720821339094801
(2.0, 2.0, 2.0, 0, 1, 0, 1),stop: 4.72319999600891,move: 3.0496021902228083
(1.0, 2.0, 2.0, 1, 0, 0, 3),stop: 0.769968,move: 4.430684958936226
(1.0, 2.0, 2.0, 1, 0, 0, 4),stop: 0.8773982695910887,move: 0
(1.0, 2.0, 2.0, 1, 0, 0, 5),stop: 0.2,move: 2.404251287927748
(1.0, 2.0, 2.0, 1, 0, 0, 6),stop: 0,move: 0.2
(1.0, 2.0, 2.0, 1, 1, 1, 6),stop: 1.7896449861007795,move: 4.634396768392396
(1.0, 2.0, 2.0, 1, 1, 0, 6),stop: 1.5047416080201794,move: 5.031742998269824
(2.0, 2.0, 2.0, 0, 1, 1, 6),stop: 1.5999999999997794,move: 0
(2.0, 2.0, 2.0, 0, 1, 0, 2),stop: 1.5999999999994907,move: 1.999999999999993
(0.0, 2.0, 2.0, 1, 1, 0, 2),stop: 4.985159061571663,move: 8.199184110608764
(0.0, 2.0, 2.0, 1, 1, 1, 2),stop: 5.176997542655492,move: 8.037117420797387
(1.0, 2.0, 2.0, 1, 1, 1, 3),stop: 5.6070940345137155,move: 9.786415402154201
(1.0, 2.0, 2.0, 1, 1, 0, 3),stop: 6.737536809852133,move: 9.787032309794025
(2.0, 2.0, 2.0, 0, 1, 0, 3),stop: 1.59999999999041,move: 3.265737937895639
(0.0, 2.0, 2.0, 1, 1, 1, 0),stop: 5.805582416898118,move: 6.202714530035684
(0.0, 2.0, 2.0, 1, 1, 0, 0),stop: 5.748782224079973,move: 8.901718952493649
(2.0, 2.0, 2.0, 0, 1, 1, 1),stop: 4.700383331443902,move: 0
(1.0, 2.0, 2.0, 1, 1, 1, 5),stop: 4.247743774190574,move: 8.874354184176244
(1.0, 2.0, 2.0, 1, 1, 0, 5),stop: 5.681374041823805,move: 8.862366420891295
(2.0, 2.0, 2.0, 0, 1, 1, 5),stop: 0,move: 3.2084975218136877
(0.0, 2.0, 2.0, 1, 1, 1, 5),stop: 2.385485854646267,move: 4.964039557523457
(0.0, 2.0, 2.0, 1, 1, 0, 5),stop: 2.635060852187551,move: 5.566505025175417
(2.0, 2.0, 2.0, 0, 0, 0, 1),stop: 2.8799999999999875,move: 0
(2.0, 2.0, 2.0, 0, 1, 0, 5),stop: 0,move: 1.7795163846150626
(2.0, 2.0, 2.0, 0, 1, 1, 3),stop: 1.599999999999993,move: 0
